City,Country,Latitude,Longitude,Humidity,Windspeed,Cloudiness,Temperatures,Date
barrow,US,71.2906,-156.7887,93,10.36,100,30.22,1655555400
liaoyang,CN,41.2719,123.1731,84,3.62,98,71.92,1655555401
riyadh,SA,24.6877,46.7219,4,21.21,0,111.34,1655555237
kenai,US,60.5544,-151.2583,96,0.0,100,46.92,1655555402
lompoc,US,34.6391,-120.4579,84,11.99,100,51.31,1655555403
maniitsoq,GL,65.4167,-52.9,98,4.36,100,36.57,1655555403
omsukchan,RU,62.5333,155.8,72,4.12,61,50.68,1655555403
ilulissat,GL,69.2167,-51.1,87,3.44,100,39.22,1655555404
porbandar,IN,21.6422,69.6093,71,13.47,36,87.04,1655555405
tasiilaq,GL,65.6145,-37.6368,95,5.19,100,39.36,1655555406
clyde river,CA,70.4692,-68.5914,75,29.93,0,39.43,1655555406
tecpan,GT,14.7623,-90.9947,97,4.81,100,52.61,1655555406
storsteinnes,NO,69.2408,19.2344,63,7.92,62,61.45,1655555407
kannur,IN,11.8675,75.3576,79,8.41,89,81.23,1655555206
college,US,64.8569,-147.8028,78,3.44,75,53.1,1655555407
arlit,NE,18.7369,7.3853,9,8.7,90,105.26,1655555408
torri di quartesolo,IT,45.525,11.6123,41,1.01,70,86.7,1655555408
chokurdakh,RU,70.6333,147.9167,59,6.76,34,44.06,1655555409
mangan,IN,27.5167,88.5333,96,1.97,100,73.76,1655555410
hilo,US,19.7297,-155.09,92,4.61,100,71.24,1655555172
severo-kurilsk,RU,50.6789,156.125,95,5.79,100,47.44,1655555410
albany,US,42.6001,-73.9662,68,3.0,93,53.94,1655555411
west wendover,US,40.7391,-114.0733,18,19.57,0,69.01,1655555412
changji,CN,44.0167,87.3167,21,6.71,0,86.79,1655555413
lata,PT,40.1629,-8.3327,45,9.69,7,81.48,1655555413
panzhihua,CN,26.5851,101.7128,68,3.13,76,78.19,1655555414
butaritari,KI,3.0707,172.7902,78,11.03,21,81.79,1655555415
tay ninh,VN,11.3,106.1,76,6.51,100,83.71,1655555403
olafsvik,IS,64.8945,-23.7142,74,12.86,64,48.45,1655555415
iroquois falls,CA,48.7669,-80.6831,53,14.36,6,45.73,1655555416
san patricio,US,28.017,-97.5169,79,1.72,10,75.76,1655555417
evensk,RU,61.95,159.2333,95,3.83,94,42.75,1655555417
saint-augustin,CA,51.226,-58.6502,97,7.38,100,50.61,1655555417
tuktoyaktuk,CA,69.4541,-133.0374,76,6.98,99,44.92,1655555418
kapaa,US,22.0752,-159.319,94,12.66,100,71.83,1655555418
pemangkat,ID,1.1667,108.9667,83,7.34,100,78.37,1655555419
jamestown,US,42.097,-79.2353,79,16.11,100,50.59,1655555420
freeport,US,40.6576,-73.5832,58,21.85,0,68.74,1655555421
tiksi,RU,71.6872,128.8694,62,8.93,100,51.53,1655555303
sangar,RU,63.9242,127.4739,72,1.97,100,59.32,1655555421
toyooka,JP,35.5333,134.8333,94,3.71,54,70.43,1655555341
oga,IT,46.4631,10.347,31,2.01,15,77.58,1655555423
fortuna,US,40.5982,-124.1573,93,3.44,0,44.11,1655555424
ponta do sol,PT,32.6667,-17.1,71,2.17,0,75.74,1655555424
itoman,JP,26.1247,127.6694,91,11.5,75,80.74,1655555425
torbay,CA,47.6666,-52.7314,44,19.57,75,68.88,1655555425
havre-saint-pierre,CA,50.2334,-63.5986,94,12.66,100,57.56,1655555426
atar,MR,20.5169,-13.0499,18,20.71,7,102.25,1655555426
adrar,MR,20.5022,-10.0711,27,16.06,73,96.84,1655555426
khatanga,RU,71.9667,102.5,74,17.76,100,39.9,1655555428
hasaki,JP,35.7333,140.8333,92,3.36,100,70.2,1655555428
preobrazheniye,RU,42.9019,133.9064,68,6.93,100,62.22,1655555429
yellowknife,CA,62.456,-114.3525,76,0.0,20,52.32,1655555429
provideniya,RU,64.3833,-173.3,55,3.94,2,49.71,1655555430
salumbar,IN,24.1333,74.05,44,14.63,86,92.97,1655555431
north platte,US,41.1239,-100.7654,47,18.01,0,77.34,1655555431
luoyang,CN,34.6836,112.4536,28,13.11,68,93.9,1655555250
dikson,RU,73.5069,80.5464,90,9.75,7,32.05,1655555432
yibin,CN,28.7667,104.6238,85,1.97,62,75.22,1655555317
kodiak,US,57.79,-152.4072,87,5.75,100,49.51,1655555433
bandarbeyla,SO,9.4942,50.8122,56,28.77,12,84.33,1655555433
nikolskoye,RU,59.7035,30.7861,46,6.91,100,67.6,1655555434
hirara,JP,24.8,125.2833,84,10.83,100,82.31,1655555434
bumba,CD,2.1833,22.4667,89,0.94,100,74.97,1655555435
yarkovo,RU,57.4028,67.0786,42,2.89,37,77.22,1655555436
upernavik,GL,72.7868,-56.1549,94,15.5,100,33.55,1655555437
laguna,US,38.421,-121.4238,86,1.01,0,51.84,1655555438
saskylakh,RU,71.9167,114.0833,73,19.39,100,43.5,1655555438
buraydah,SA,26.326,43.975,6,16.37,0,109.85,1655555438
dudinka,RU,69.4058,86.1778,39,11.45,7,56.62,1655555438
chapais,CA,49.7834,-74.8492,71,16.73,17,44.38,1655555439
nyagan,RU,62.1406,65.3936,44,6.51,96,76.55,1655555439
salalah,OM,17.0151,54.0924,84,16.11,100,87.89,1655555439
karasjok,NO,69.4719,25.5112,58,9.15,85,50.09,1655555440
nardaran,AZ,40.5561,50.0056,53,13.8,0,78.44,1655555440
jalu,LY,29.0331,21.5482,16,9.17,0,93.76,1655555440
acapulco,MX,16.8634,-99.8901,94,0.0,75,75.02,1655555440
ucluelet,CA,48.9329,-125.5528,91,1.43,100,54.09,1655555443
dingle,PH,10.9995,122.6711,84,3.09,6,79.66,1655555443
wajid,SO,3.8093,43.2471,32,18.86,100,87.85,1655555443
hohhot,CN,40.8106,111.6522,23,8.95,20,84.49,1655555444
jimenez,MX,28.3333,-105.4,40,2.01,5,76.1,1655555445
tecoanapa,MX,16.5167,-98.75,83,3.27,100,75.76,1655555446
kavaratti,IN,10.5669,72.642,75,15.19,100,81.45,1655555446
atbasar,KZ,51.8,68.3333,37,5.5,53,81.45,1655555446
grindavik,IS,63.8424,-22.4338,71,21.85,40,54.07,1655555447
coria,ES,39.9879,-6.5377,22,14.23,68,90.72,1655555447
leningradskiy,RU,69.3833,178.4167,87,4.45,79,34.39,1655555448
victoria,HK,22.2855,114.1577,84,15.99,100,84.54,1655555308
alekseyevskoye,RU,55.3071,50.1135,65,9.4,33,69.58,1655555448
irbeyskoye,RU,55.6428,95.4522,81,5.97,56,62.22,1655555449
sisimiut,GL,66.9395,-53.6735,99,6.29,100,34.56,1655555449
margate,GB,51.3813,1.3862,78,10.0,98,64.56,1655555450
srednekolymsk,RU,67.45,153.6833,70,3.62,100,49.51,1655555450
marrakesh,MA,31.6315,-8.0083,45,4.61,0,89.67,1655555450
pita,GN,10.8333,-12.5833,86,6.96,100,77.25,1655555450
vernon,CA,50.2581,-119.2691,86,3.44,90,51.53,1655555451
sorland,NO,67.667,12.6934,86,15.3,100,53.46,1655555451
khed brahma,IN,24.0333,73.05,44,11.9,100,93.7,1655555451
sadat,IN,25.6833,83.2833,25,6.62,14,103.39,1655555451
lagoa,PT,39.05,-27.9833,91,10.42,100,66.2,1655555452
wasilla,US,61.5814,-149.4394,87,3.44,100,49.32,1655555452
khromtau,KZ,50.2503,58.4347,52,14.25,100,73.63,1655555452
ribeira grande,PT,38.5167,-28.7,78,11.5,40,72.0,1655555453
port-cartier,CA,50.0334,-66.8654,94,4.27,100,54.27,1655555453
vestmannaeyjar,IS,63.4427,-20.2734,66,23.02,0,54.59,1655555453
gimli,CA,50.6336,-96.9907,59,18.41,88,62.62,1655555454
honolulu,US,21.3069,-157.8583,79,9.22,20,74.01,1655555454
flin flon,CA,54.7682,-101.865,44,8.05,100,60.64,1655555454
umm bab,QA,25.2142,50.8072,32,8.03,0,96.1,1655555455
qaanaaq,GL,77.484,-69.3632,68,6.15,94,38.1,1655555455
bethel,US,41.3712,-73.414,68,10.36,40,64.53,1655555208
linqiong,CN,30.4159,103.4609,78,5.1,94,78.62,1655555456
vardo,NO,70.3705,31.1107,81,6.91,100,42.78,1655555457
soc trang,VN,9.6033,105.98,80,7.47,14,81.88,1655555403
santa rosa,PH,14.3122,121.1114,77,5.03,17,83.25,1655555416
lerwick,GB,60.1545,-1.1494,80,32.23,51,53.6,1655555457
mehamn,NO,71.0357,27.8492,70,8.05,100,44.55,1655555458
solnechnyy,RU,50.7214,136.6319,98,4.52,100,53.8,1655555458
guerrero negro,MX,27.9769,-114.0611,91,6.55,15,61.75,1655555458
port hardy,CA,50.6996,-127.4199,87,3.44,100,51.98,1655555459
northam,GB,51.0333,-4.2167,96,17.29,100,57.9,1655555459
winnemucca,US,40.973,-117.7357,39,6.91,0,46.45,1655555459
thompson,CA,55.7435,-97.8558,66,3.44,75,51.96,1655555460
iwanai,JP,42.9744,140.5089,93,5.84,72,61.34,1655555249
almaznyy,RU,48.0448,40.045,36,5.82,87,77.0,1655555460
fujin,CN,47.26,132.0322,81,9.37,100,61.88,1655555461
jaisalmer,IN,26.9147,70.9181,24,18.59,2,104.72,1655555339
marquette,US,46.5333,-87.6335,75,6.4,8,47.61,1655555462
marathon,US,44.9,-89.7668,64,9.22,0,52.92,1655555463
nioro,GM,13.35,-15.75,45,9.26,91,90.09,1655555463
biskamzha,RU,53.4497,89.5272,89,4.99,95,57.94,1655555464
oussouye,SN,12.485,-16.5469,59,10.69,97,87.89,1655555465
banda aceh,ID,5.5577,95.3222,79,5.35,80,81.54,1655555302
georgetown,MY,5.4112,100.3354,88,8.05,20,80.69,1655555407
ocampo,MX,21.65,-101.5,92,4.18,19,50.85,1655555466
meulaboh,ID,4.1363,96.1285,90,4.83,100,76.35,1655555467
spring valley,US,36.108,-115.245,13,13.8,40,72.77,1655555469
san andres,CO,12.5847,-81.7006,94,2.3,75,78.82,1655555470
priiskovyy,RU,51.9333,116.6333,44,3.98,100,67.26,1655555470
bejar,ES,40.3864,-5.7634,33,10.51,1,84.58,1655555470
bichena,ET,10.45,38.2,24,5.86,91,75.07,1655555471
pasni,PK,25.2631,63.471,84,19.77,0,83.98,1655555472
phuket,TH,8.0,98.25,83,1.14,20,82.62,1655555400
berlevag,NO,70.8578,29.0864,87,11.5,100,41.07,1655555474
nalut,LY,30.3333,10.85,12,3.76,1,92.8,1655555474
bathsheba,BB,13.2167,-59.5167,65,19.57,20,84.81,1655555475
san cristobal,VE,7.7669,-72.225,80,5.77,100,68.18,1655555475
kousseri,CM,12.0769,15.0306,54,12.66,20,85.96,1655555475
norman wells,CA,65.282,-126.8329,62,4.61,20,50.04,1655555475
hegra,NO,63.4644,11.114,55,5.75,40,58.91,1655555476
calais,FR,50.9167,1.8333,75,14.61,98,77.5,1655555477
berberati,CF,4.2612,15.7922,74,0.63,93,76.8,1655555477
george town,MY,5.4112,100.3354,90,8.05,20,79.81,1655555461
havelock,US,34.8791,-76.9013,79,11.5,0,76.33,1655555478
black river,JM,18.0264,-77.8487,68,5.97,92,81.72,1655555479
winneba,GH,5.3511,-0.6231,89,5.91,100,74.48,1655555479
cao bang,VN,22.6667,106.25,87,3.04,100,79.7,1655555479
asfi,MA,32.2994,-9.2372,69,23.24,3,74.46,1655555480
dawson creek,CA,55.7666,-120.2362,94,3.44,100,53.24,1655555481
terney,RU,45.0503,136.6092,91,4.16,9,58.46,1655555481
puerto penasco,MX,31.3167,-113.5333,64,17.49,96,80.02,1655555481
damietta,EG,31.4165,31.8133,58,15.35,0,84.09,1655555482
ranot,TH,7.7777,100.3213,74,3.49,80,83.43,1655555450
fort nelson,CA,58.8053,-122.7002,100,2.3,100,45.99,1655555483
shimoda,JP,34.6667,138.95,94,0.74,100,69.1,1655555483
klang,MY,3.0333,101.45,89,3.44,20,78.94,1655555340
noshiro,JP,40.2039,140.0242,81,4.0,1,64.04,1655555242
kahului,US,20.8947,-156.47,72,11.5,100,78.12,1655555484
bay roberts,CA,47.5999,-53.2648,55,8.99,96,66.06,1655555484
anadyr,RU,64.75,177.4833,50,6.71,0,55.9,1655555484
sokolo,ML,14.7328,-6.1219,49,13.13,100,86.86,1655555485
hermosillo,MX,29.0667,-110.9667,48,7.0,40,84.97,1655555485
ponta delgada,PT,37.7333,-25.6667,88,13.8,75,66.92,1655555300
sept-iles,CA,50.2001,-66.3821,99,5.75,100,56.28,1655555486
iqaluit,CA,63.7506,-68.5145,69,16.11,40,38.7,1655555486
neuruppin,DE,52.9282,12.8031,33,12.71,10,93.85,1655555487
arman,RU,59.7,150.1667,97,5.95,74,44.02,1655555487
korla,CN,41.7597,86.1469,17,10.22,100,84.87,1655555487
katsuura,JP,35.1333,140.3,95,0.96,100,69.24,1655555488
beringovskiy,RU,63.05,179.3167,74,8.39,100,48.45,1655555489
zarubino,RU,42.63,131.0922,91,6.2,0,59.99,1655555489
vila franca do campo,PT,37.7167,-25.4333,83,14.18,35,68.2,1655555489
dharmavaram,IN,14.4333,77.7167,42,5.44,99,91.6,1655555490
tuskegee,US,32.424,-85.6916,100,3.0,100,78.89,1655555490
saint george,US,37.1041,-113.5841,25,10.36,0,69.98,1655555490
narsaq,GL,60.9167,-46.05,89,0.47,100,46.62,1655555491
deputatskiy,RU,69.3,139.9,53,4.29,100,51.04,1655555491
panaba,MX,21.2833,-88.2667,74,8.84,100,80.74,1655555491
escanaba,US,45.7453,-87.0646,66,3.44,0,53.82,1655555492
galle,LK,6.0367,80.217,81,6.58,100,80.67,1655555401
vestmanna,FO,62.1564,-7.1664,93,27.63,100,49.12,1655555493
ouadda,CF,8.0777,22.4007,71,3.27,100,76.15,1655555493
hofn,IS,64.2539,-15.2082,66,40.29,75,51.82,1655555494
tukrah,LY,32.5341,20.5791,55,12.26,0,79.16,1655555494
concepcion de ataco,SV,13.8703,-89.8486,94,2.59,99,62.1,1655555495
avera,US,33.194,-82.5271,68,6.33,48,74.43,1655555495
port blair,IN,11.6667,92.75,83,6.91,40,82.44,1655555496
barguzin,RU,53.6167,109.6167,87,5.66,100,62.58,1655555496
catia la mar,VE,10.6038,-67.0303,87,3.44,75,79.45,1655555496
zaysan,KZ,47.4667,84.8667,32,4.29,4,73.8,1655555496
taloqan,AF,36.7361,69.5345,14,7.85,13,90.05,1655555497
cartagena,CO,10.3997,-75.5144,94,4.61,75,78.42,1655555497
sao filipe,CV,14.8961,-24.4956,79,15.82,67,74.48,1655555498
chitral,PK,35.8462,71.7858,49,8.05,73,74.39,1655555498
marsaxlokk,MT,35.8419,14.5431,57,9.22,20,83.01,1655555499
skjervoy,NO,70.0311,20.9714,72,14.34,0,60.8,1655555499
rabat,MA,33.9911,-6.8401,69,9.22,40,76.91,1655555500
wanning,CN,18.8003,110.3967,92,13.6,69,82.54,1655555500
san carlos,VE,9.6612,-68.5827,87,2.62,100,77.18,1655555501
praia da vitoria,PT,38.7333,-27.0667,88,13.96,75,68.25,1655555501
san ramon,US,37.7799,-121.978,86,8.05,0,50.5,1655555501
hambantota,LK,6.1241,81.1185,89,11.5,20,84.54,1655555501
kuala terengganu,MY,5.3302,103.1408,89,1.14,40,82.35,1655555339
karpogory,RU,64.0019,44.4451,92,9.04,100,48.2,1655555504
shubarshi,KZ,48.5872,57.1869,39,11.65,91,78.19,1655555504
lethem,GY,3.3803,-59.7968,89,8.59,100,75.56,1655555505
goderich,CA,43.7501,-81.7165,62,16.11,0,52.12,1655555505
tura,IN,25.5198,90.2201,97,8.34,87,73.45,1655555506
mutsu,JP,41.2894,141.2169,80,3.15,68,63.19,1655555234
seminole,US,28.7086,-81.2081,81,3.44,0,79.75,1655555506
novikovo,RU,51.1537,37.8879,56,7.83,59,72.19,1655555507
cabo san lucas,MX,22.8909,-109.9124,77,8.05,40,79.81,1655555507
sitka,US,57.0531,-135.33,71,13.8,100,53.49,1655555507
yarim,YE,14.298,44.3779,23,8.5,95,76.35,1655555508
vyatskiye polyany,RU,56.226,51.0656,75,9.13,97,66.33,1655555508
gunjur,GM,13.2019,-16.7339,66,4.61,75,86.07,1655555508
paamiut,GL,61.994,-49.6678,92,27.13,100,42.75,1655555509
kyshtovka,RU,56.555,76.6271,89,8.1,100,62.22,1655555509
qaqortoq,GL,60.7167,-46.0333,78,8.79,94,45.18,1655555509
vostok,RU,46.4856,135.8833,97,6.24,4,53.6,1655555510
norwich,GB,52.6278,1.2983,72,8.05,75,60.13,1655555487
la ronge,CA,55.1001,-105.2842,62,9.22,75,57.45,1655555510
ariano irpino,IT,41.1489,15.0833,28,19.08,94,73.0,1655555511
agadir,MA,30.4202,-9.5982,52,8.46,19,81.05,1655555436
oksfjord,NO,70.2396,22.3479,60,8.7,59,55.65,1655555512
verkhnevilyuysk,RU,63.4453,120.3167,60,5.14,6,62.76,1655555513
marawi,PH,7.9986,124.2928,94,1.92,100,70.09,1655555513
sakakah,SA,29.9697,40.2064,6,4.92,0,114.37,1655555513
saint-marc-des-carrieres,CA,46.6834,-72.0491,100,2.3,100,48.27,1655555514
tarko-sale,RU,64.9225,77.785,34,8.12,54,70.97,1655555514
eyl,SO,7.9803,49.8164,42,25.39,62,91.22,1655555514
aklavik,CA,68.2191,-135.0107,68,9.17,83,53.55,1655555515
urengoy,RU,65.9667,78.3667,36,7.09,17,69.94,1655555515
suchil,MX,23.6333,-103.9167,57,5.59,27,62.74,1655555515
polson,US,47.6936,-114.1632,65,2.48,84,57.42,1655555516
plumlov,CZ,49.4661,17.015,44,3.0,11,80.19,1655555516
pokhara,NP,28.2333,83.9833,84,1.41,48,77.13,1655555216
hovd,MN,48.0056,91.6419,22,5.1,1,70.84,1655555517
alfred,US,42.2542,-77.7906,90,1.99,100,47.84,1655555517
inuvik,CA,68.3499,-133.7218,44,3.44,75,59.81,1655555517
nara,JP,34.6851,135.8049,67,1.59,6,74.48,1655555517
gao,ML,16.6362,1.637,30,4.52,41,95.9,1655555518
porto santo,PT,33.072,-16.3415,73,12.66,40,71.98,1655555518
agadez,NE,19.75,10.25,9,7.83,11,101.86,1655555519
los llanos de aridane,ES,28.6585,-17.9182,75,16.11,20,71.13,1655555519
verkhoyansk,RU,67.5447,133.385,44,4.52,100,62.55,1655555519
sarangani,PH,5.4033,125.4636,71,8.16,96,84.2,1655555296
markova,UA,48.6758,24.4138,45,7.74,68,71.08,1655555521
sarkand,KZ,45.41,79.9186,33,8.3,98,76.68,1655555521
araouane,ML,18.9048,-3.5265,43,9.84,100,87.96,1655555522
nizhnevartovsk,RU,60.9344,76.5531,53,2.24,0,73.42,1655555522
leiyang,CN,26.4024,112.8591,93,5.97,100,76.19,1655555524
pangnirtung,CA,66.1451,-65.7125,77,2.44,7,34.41,1655555524
the valley,AI,18.217,-63.0578,74,12.66,20,82.49,1655555525
puerto lempira,HN,15.2667,-83.7667,83,4.61,40,78.94,1655555526
dali,CN,25.7,100.1833,91,6.73,34,62.58,1655555526
amga,RU,60.8953,131.9608,79,0.27,91,58.46,1655555526
nuuk,GL,64.1835,-51.7216,93,40.29,100,41.61,1655555527
san miguelito,PA,9.0333,-79.5,92,4.61,40,75.85,1655555527
izoplit,RU,56.6256,36.222,52,5.17,100,65.35,1655555527
pevek,RU,69.7008,170.3133,84,3.96,58,31.8,1655555529
mantua,IT,45.1667,10.7833,44,7.0,7,89.22,1655555529
tuxpan,MX,19.55,-103.4,89,2.64,11,62.37,1655555529
vila,PT,42.0304,-8.1588,66,8.93,89,66.7,1655555529
galesburg,US,40.9478,-90.3712,68,6.91,0,65.88,1655555530
gat,IL,31.61,34.7642,35,14.85,0,88.14,1655555530
longyearbyen,SJ,78.2186,15.6401,75,11.5,75,40.84,1655555530
bilma,NE,18.6853,12.9164,7,17.0,6,105.3,1655555530
la asuncion,VE,11.0333,-63.8628,74,12.12,75,79.97,1655555531
mamakan,RU,57.8161,114.0028,64,3.78,100,67.82,1655555531
broome,US,42.2506,-75.833,85,11.5,100,51.53,1655555531
pierre,US,44.3683,-100.351,75,16.11,0,70.36,1655555531
svetlogorsk,BY,52.6333,29.7333,41,5.82,88,72.07,1655555532
scarborough,GB,54.2797,-0.4044,57,1.01,100,60.33,1655555512
suntar,RU,62.1444,117.6319,56,5.66,32,64.08,1655555532
inirida,CO,3.8653,-67.9239,100,1.19,100,71.73,1655555533
nyurba,RU,63.2842,118.3319,58,4.65,29,63.63,1655555533
makakilo city,US,21.3469,-158.0858,80,5.75,0,72.16,1655555534
tiznit,MA,29.5833,-9.5,20,4.23,0,94.69,1655555534
koslan,RU,63.4564,48.8989,49,9.86,75,63.72,1655555534
boa vista,BR,2.8197,-60.6733,78,5.75,75,80.58,1655555535
miri,MY,4.4148,114.0089,89,5.75,40,80.74,1655555536
kontagora,NG,10.3999,5.4695,38,3.78,100,92.34,1655555536
faya,SA,18.3851,42.4509,24,1.95,96,90.12,1655555537
taywarah,AF,33.35,64.4167,12,18.79,0,69.6,1655555537
bogovarovo,RU,58.9785,47.0246,56,6.51,90,63.82,1655555538
douglas,US,41.3,-96.167,78,10.36,0,75.09,1655555539
ust-kuyga,RU,70.0167,135.6,39,7.2,100,61.05,1655555342
anda,CN,46.4,125.3167,64,3.71,62,70.95,1655555539
kichera,RU,55.9375,110.0997,97,4.63,99,55.08,1655555540
aksarka,RU,66.5606,67.7975,83,15.61,98,64.8,1655555541
rizhao,CN,35.4275,119.4553,75,3.67,55,75.43,1655555542
pahalgam,IN,34.0333,75.3333,95,3.18,100,52.09,1655555542
westport,US,41.1415,-73.3579,62,14.97,0,67.82,1655555543
yar-sale,RU,66.8333,70.8333,37,15.41,52,74.43,1655555543
lakselv,NO,70.0513,24.9718,50,12.66,75,55.22,1655555544
maridi,SS,4.9158,29.4742,63,5.32,98,81.23,1655555544
petropavlovsk-kamchatskiy,RU,53.0452,158.6483,100,4.47,75,52.39,1655555544
nanortalik,GL,60.1432,-45.2371,64,14.16,1,47.73,1655555545
marzuq,YE,14.4,46.4667,24,11.88,96,95.32,1655555545
nome,US,64.5011,-165.4064,76,4.61,0,46.47,1655555546
nipawin,CA,53.3668,-104.0009,72,12.66,0,64.44,1655555546
takayama,JP,36.1333,137.25,97,0.69,84,61.81,1655555461
veraval,IN,20.9,70.3667,76,14.85,100,85.8,1655555547
ascension,US,30.2169,-90.9001,93,3.44,0,79.32,1655555547
sinnamary,GF,5.3833,-52.95,79,5.35,14,80.1,1655555548
kulhudhuffushi,MV,6.6221,73.07,76,9.53,97,82.15,1655555548
bonavista,CA,48.6499,-53.1147,72,15.01,100,54.86,1655555548
san quintin,MX,30.4833,-115.95,90,9.78,22,60.94,1655555549
portmore,JM,17.9702,-76.8672,83,14.97,75,80.56,1655555549
hamilton,US,39.1834,-84.5333,59,14.97,0,63.79,1655555420
samagaltay,RU,50.6022,95.0047,52,3.44,11,61.81,1655555549
marsh harbour,BS,26.5412,-77.0636,64,2.77,78,78.73,1655555550
mitu,CO,1.1983,-70.1733,94,0.87,100,73.9,1655555431
saint anthony,US,45.0205,-93.218,60,12.66,0,64.38,1655555551
sur,OM,22.5667,59.5289,60,3.49,0,91.92,1655555551
filingue,NE,14.3521,3.3168,35,3.36,92,94.57,1655555552
haines junction,CA,60.7522,-137.5108,87,2.3,99,37.35,1655555552
liuhe,CN,42.2401,125.7172,94,4.43,98,64.72,1655555552
palmer,US,42.1584,-72.3287,65,16.11,75,62.55,1655555554
huescar,ES,37.811,-2.5412,13,19.28,7,92.26,1655555554
sterlitamak,RU,53.6246,55.9502,82,10.11,98,68.32,1655555554
iskateley,RU,67.6803,53.1512,46,4.14,49,68.41,1655555554
matagami,CA,49.7502,-77.6328,93,19.57,100,37.51,1655555555
las choapas,MX,17.9333,-94.0833,89,4.36,88,75.87,1655555555
gaoua,BF,10.2992,-3.2508,79,3.29,100,76.95,1655555555
guangyuan,CN,32.442,105.823,70,1.63,71,77.14,1655555555
talnakh,RU,69.4865,88.3972,42,13.06,4,56.21,1655555556
jurm,AF,36.8648,70.8342,49,4.94,43,69.64,1655555557
jeremie,HT,18.65,-74.1167,77,3.67,100,80.62,1655555558
kragujevac,RS,44.0167,20.9167,31,9.62,12,79.09,1655555509
mingyue,CN,43.1069,128.9217,90,3.83,7,61.16,1655555559
tahta,EG,26.7693,31.5021,17,17.18,0,99.52,1655555559
egvekinot,RU,66.3167,-179.1667,84,3.44,91,36.48,1655555559
roald,NO,62.5833,6.1333,67,20.71,40,56.07,1655555560
dakar,SN,14.6937,-17.4441,70,2.3,40,86.13,1655555496
lukovo,MK,41.3494,20.6047,53,6.71,68,76.59,1655555560
barcelona,ES,41.3888,2.159,52,14.97,0,87.48,1655555360
lasa,IT,46.6166,10.7002,34,3.22,20,84.76,1655555561
zholymbet,KZ,51.7433,71.7122,81,11.61,98,63.79,1655555562
pochutla,MX,15.7432,-96.4661,81,3.06,78,73.81,1655555562
malyye derbety,RU,47.9547,44.6808,29,13.13,81,81.19,1655555563
aljezur,PT,37.3191,-8.8033,58,9.98,0,72.93,1655555563
konstantinovka,RU,49.6167,127.9833,83,4.76,66,59.14,1655555297
tucupita,VE,9.0622,-62.051,78,6.78,45,80.51,1655555566
onalaska,US,43.8844,-91.2351,68,5.75,0,60.94,1655555566
cozumel,MX,20.5083,-86.9458,91,7.0,40,78.42,1655555566
todos santos,MX,23.45,-110.2167,81,2.37,68,70.02,1655555567
jiangkou,CN,25.4872,119.1986,95,5.41,100,77.14,1655555568
cayenne,GF,4.9333,-52.3333,1,2.3,20,84.09,1655555568
syracuse,IT,37.0881,15.2792,69,13.18,2,80.51,1655555489
mingaora,PK,34.7758,72.3625,52,3.85,78,79.75,1655555568
pundaguitan,PH,6.3711,126.1689,70,5.41,44,83.71,1655555569
bagdarin,RU,54.4333,113.6,87,1.28,100,58.69,1655555569
roswell,US,34.0232,-84.3616,94,11.5,75,71.96,1655555569
magnitka,RU,55.3475,59.6961,84,4.7,88,68.7,1655555570
tomatlan,MX,19.9333,-105.25,79,2.84,73,75.27,1655555571
garowe,SO,8.4054,48.4845,24,23.13,14,93.97,1655555571
diu,IN,20.7141,70.9822,75,15.52,71,85.44,1655555571
vad,RU,55.5301,44.2114,63,9.75,7,67.35,1655555571
stepnyak,KZ,52.8339,70.7803,31,8.7,4,78.57,1655555572
husavik,IS,66.0449,-17.3389,78,21.9,62,46.71,1655555572
teya,RU,60.3778,92.6267,88,2.59,100,63.68,1655555572
gornyy,RU,55.1153,83.9059,88,8.66,94,60.94,1655555395
