City,Country,Latitude,Longitude,Humidity,Windspeed,Cloudiness,Temperatures,Date
cape town,ZA,-33.9258,18.4232,64,21.85,40,62.76,1655555169
ushuaia,AR,-54.8,-68.3,86,16.11,75,29.86,1655555402
rikitea,PF,-23.1203,-134.9692,68,6.87,1,73.08,1655555403
hobart,AU,-42.8794,147.3294,94,4.61,100,48.43,1655555228
iquitos,PE,-3.7481,-73.2472,100,2.3,75,75.24,1655555404
touros,BR,-5.1989,-35.4608,56,11.63,97,83.48,1655555405
vaini,TO,-21.2,-175.2,94,11.5,75,75.36,1655555405
busselton,AU,-33.65,115.3333,65,21.72,51,58.12,1655555406
kruisfontein,ZA,-34.0033,24.7314,72,16.98,91,58.26,1655555407
kaitangata,NZ,-46.2817,169.8464,87,9.33,100,43.74,1655555408
finschhafen,PG,-6.6024,147.8681,76,5.77,64,79.05,1655555409
cidreira,BR,-30.1811,-50.2056,70,15.66,0,50.76,1655555410
arinos,BR,-15.9169,-46.1056,28,0.98,0,80.28,1655555412
hermanus,ZA,-34.4187,19.2345,73,21.39,15,61.81,1655555412
kang,BW,-23.6752,22.7876,12,7.96,0,75.63,1655555412
kavieng,PG,-2.5744,150.7967,75,9.82,34,81.05,1655555412
manggar,ID,-2.8833,108.2667,77,1.57,100,79.88,1655555413
mataura,NZ,-46.1927,168.8643,96,4.18,100,42.48,1655555414
souillac,MU,-20.5167,57.5167,69,4.61,40,77.38,1655555414
mar del plata,AR,-38.0023,-57.5575,51,9.22,0,44.94,1655555416
planaltina,BR,-15.4528,-47.6142,34,0.92,1,72.95,1655555237
caxito,AO,-8.5785,13.6643,44,5.82,100,84.92,1655555416
avarua,CK,-21.2078,-159.775,73,5.75,75,73.45,1655555417
saurimo,AO,-9.6608,20.3916,16,4.56,100,87.12,1655555417
geraldton,AU,-28.7667,114.6,59,12.66,75,64.81,1655555418
lebu,CL,-37.6167,-73.65,77,3.36,100,43.7,1655555418
constitucion,CL,-35.3333,-72.4167,81,4.85,10,47.57,1655555419
atuona,PF,-9.8,-139.0333,73,18.88,16,77.49,1655555419
ongandjera,NA,-17.8833,15.0667,19,7.0,0,82.15,1655555406
omboue,GA,-1.5746,9.2618,64,11.34,84,78.8,1655555422
henties bay,NA,-22.116,14.2845,67,11.43,0,61.99,1655555422
punta arenas,CL,-53.15,-70.9167,80,9.22,0,28.51,1655555422
puerto ayora,EC,-0.7393,-90.3518,97,5.99,96,68.56,1655555423
codrington,AU,-38.2667,141.9667,84,8.5,63,46.4,1655555424
east london,ZA,-33.0153,27.9116,23,6.91,0,83.34,1655555424
atambua,ID,-9.1061,124.8925,87,3.71,41,73.98,1655555425
camocim,BR,-2.9022,-40.8411,62,8.93,100,81.9,1655555425
ulladulla,AU,-35.35,150.4667,85,7.83,77,52.88,1655555426
new norfolk,AU,-42.7826,147.0587,88,0.38,31,48.6,1655555427
byron bay,AU,-28.65,153.6167,85,12.21,66,58.95,1655555427
dunedin,NZ,-45.8742,170.5036,66,11.01,88,45.81,1655555418
lucapa,AO,-8.4192,20.7447,17,3.15,39,90.66,1655555428
namibe,AO,-15.1961,12.1522,77,18.41,100,65.03,1655555429
bambous virieux,MU,-20.3428,57.7575,69,4.61,40,77.25,1655555431
chuy,UY,-33.6971,-53.4616,65,11.23,6,45.19,1655555431
posse,BR,-14.0931,-46.3694,25,1.63,0,80.76,1655555432
carnarvon,AU,-24.8667,113.6333,59,14.14,30,68.61,1655555410
port keats,AU,-14.25,129.55,39,7.16,0,73.38,1655555433
castro,BR,-24.7911,-50.0119,78,6.17,0,52.18,1655555435
airai,TL,-8.9266,125.4092,92,3.2,42,60.1,1655555435
cap malheureux,MU,-19.9842,57.6142,78,1.01,11,72.46,1655555436
faanui,PF,-16.4833,-151.75,74,18.9,13,79.56,1655555437
kwekwe,ZW,-18.9281,29.8149,25,3.02,0,78.22,1655555437
port elizabeth,ZA,-33.918,25.5701,74,19.57,20,64.31,1655555437
andapa,MG,-14.65,49.65,65,4.21,40,75.15,1655555437
broken hill,AU,-31.95,141.4333,71,7.9,100,49.69,1655555427
bengkulu,ID,-3.8004,102.2655,87,3.8,98,77.95,1655555440
arraial do cabo,BR,-22.9661,-42.0278,69,5.75,0,75.06,1655555441
saint-pierre,RE,-21.3393,55.4781,83,4.61,100,72.66,1655555403
coquimbo,CL,-29.9533,-71.3436,57,4.61,0,47.93,1655555443
necochea,AR,-38.5473,-58.7368,56,12.62,0,42.64,1655555446
vao,NC,-22.6667,167.4833,83,13.09,100,73.81,1655555447
bredasdorp,ZA,-34.5322,20.0403,59,19.46,3,60.66,1655555448
port alfred,ZA,-33.5906,26.891,56,8.01,24,69.19,1655555448
lorengau,PG,-2.0226,147.2712,74,9.42,3,80.82,1655555449
salgado de sao felix,BR,-7.3569,-35.4406,73,3.8,59,79.63,1655555450
port lincoln,AU,-34.7333,135.8667,56,17.25,100,60.55,1655555452
la libertad,EC,-2.2333,-80.9,81,10.13,100,69.75,1655555453
saint-philippe,RE,-21.3585,55.7679,87,8.46,86,72.99,1655555454
fare,PF,-16.7,-151.0167,78,18.25,16,78.64,1655555455
luderitz,NA,-26.6481,15.1594,71,9.1,100,62.78,1655555417
mahebourg,MU,-20.4081,57.7,69,4.61,40,77.29,1655555459
hithadhoo,MV,-0.6,73.0833,72,8.72,100,83.68,1655555460
esperance,AU,-33.8667,121.9,73,24.99,100,56.37,1655555460
alofi,NU,-19.0595,-169.9187,78,6.91,9,75.09,1655555461
bluff,NZ,-46.6,168.3333,72,11.01,100,42.8,1655555461
tigre,AR,-34.426,-58.5796,59,6.91,0,39.56,1655555463
ghanzi,BW,-21.5667,21.7833,13,5.53,0,78.03,1655555463
flinders,AU,-34.5833,150.8552,81,9.51,58,53.26,1655555407
camabatela,AO,-8.1881,15.375,15,3.56,100,85.05,1655555465
mount gambier,AU,-37.8333,140.7667,80,7.67,100,46.29,1655555467
boyolangu,ID,-8.1181,111.8935,90,2.13,100,76.68,1655555467
bongaree,AU,-27.0797,153.1586,75,13.15,0,56.32,1655555469
richards bay,ZA,-28.783,32.0377,33,8.93,0,73.99,1655555413
mercedes,AR,-34.6515,-59.4307,37,9.37,0,37.69,1655555471
luwuk,ID,-0.9516,122.7875,88,3.24,98,78.04,1655555471
mpulungu,ZM,-8.7623,31.1141,42,3.78,67,81.3,1655555471
ngunguru,NZ,-35.6167,174.5,94,10.45,93,61.32,1655555472
cururupu,BR,-1.8283,-44.8683,61,4.07,100,85.26,1655555472
kaeo,NZ,-35.1,173.7833,97,3.71,100,59.32,1655555473
taquarituba,BR,-23.5331,-49.2444,77,7.29,25,63.64,1655555474
santa isabel,BR,-23.3156,-46.2214,85,5.12,100,67.01,1655555476
pimenteiras,BR,-6.2453,-41.4192,40,5.73,73,86.88,1655555476
gizo,SB,-8.103,156.8419,77,7.67,80,81.45,1655555477
bowen,AU,-20.0167,148.2333,69,9.51,0,60.57,1655555478
port-gentil,GA,-0.7193,8.7815,69,16.11,40,80.56,1655555478
neuquen,AR,-38.9516,-68.0591,56,5.75,40,40.89,1655555479
mitsamiouli,KM,-11.3847,43.2844,72,16.49,68,77.68,1655555480
hualmay,PE,-11.0964,-77.6139,75,7.02,37,61.56,1655555480
vila velha,BR,-20.3297,-40.2925,62,7.0,0,76.95,1655555481
kupang,ID,-10.1667,123.5833,82,11.59,74,79.11,1655555410
namatanai,PG,-3.6667,152.4333,81,5.41,16,79.09,1655555483
palmeira das missoes,BR,-27.8994,-53.3136,65,4.0,0,44.35,1655555484
manono,CD,-7.3,27.4167,18,5.21,100,94.44,1655555485
tete,MZ,-16.1564,33.5867,44,4.61,40,80.69,1655555485
santiago,CL,-33.4569,-70.6483,66,3.44,99,41.65,1655555440
saldanha,ZA,-33.0117,17.9442,67,15.05,9,64.45,1655555487
riachao das neves,BR,-11.7461,-44.91,24,3.91,7,84.51,1655555488
kokopo,PG,-4.352,152.2633,86,6.29,9,76.62,1655555489
huarmey,PE,-10.0681,-78.1522,76,6.42,21,62.58,1655555491
alta floresta,BR,-9.8756,-56.0861,74,1.14,99,80.42,1655555493
santa cruz cabralia,BR,-16.2781,-39.0247,88,4.61,20,71.83,1655555494
rocha,UY,-34.4833,-54.3333,62,12.01,5,46.38,1655555494
isangel,VU,-19.55,169.2667,94,8.05,100,73.51,1655555497
plettenberg bay,ZA,-34.0527,23.3716,86,11.54,100,57.54,1655555498
porgera,PG,-5.4667,143.2,99,1.32,99,42.82,1655555499
pisco,PE,-13.7,-76.2167,94,1.14,100,59.05,1655555500
itanhaem,BR,-24.1831,-46.7889,92,7.92,100,65.75,1655555503
itarema,BR,-2.9248,-39.9167,68,12.46,48,82.0,1655555504
coffs harbour,AU,-30.3,153.1333,72,10.36,86,58.96,1655555506
abancay,PE,-13.6339,-72.8814,56,2.19,70,55.15,1655555507
pimenta bueno,BR,-11.6725,-61.1936,94,6.11,100,73.27,1655555509
zorritos,PE,-3.6805,-80.6782,77,2.64,100,71.56,1655555511
kilindoni,TZ,-7.9139,39.6668,71,19.3,96,78.28,1655555511
ahipara,NZ,-35.1667,173.1667,94,2.48,94,58.95,1655555512
angoche,MZ,-16.2325,39.9086,51,12.15,9,75.94,1655555513
san juan,AR,-31.5375,-68.5364,31,1.1,0,49.69,1655555508
soyo,AO,-6.1349,12.3689,66,8.16,99,76.23,1655555516
roebourne,AU,-20.7833,117.1333,53,5.41,100,75.72,1655555517
piracicaba,BR,-22.7253,-47.6492,84,4.88,99,66.87,1655555518
nueve de julio,AR,-35.4444,-60.8831,47,9.93,0,43.95,1655555521
ouegoa,NC,-20.35,164.4333,88,9.28,100,74.55,1655555522
sao pedro do sul,BR,-29.6206,-54.1789,69,3.96,0,43.45,1655555523
labuhan,ID,-6.8844,112.2051,77,5.01,100,81.12,1655555525
puerto madryn,AR,-42.7692,-65.0385,56,18.3,6,43.12,1655555525
viedma,AR,-40.8135,-62.9967,54,11.72,7,43.52,1655555528
padang,ID,-0.9492,100.3543,85,4.45,100,82.45,1655555528
graaff-reinet,ZA,-32.2522,24.5308,28,19.08,6,70.92,1655555528
port shepstone,ZA,-30.7414,30.455,51,15.46,1,68.76,1655555532
hokitika,NZ,-42.7167,170.9667,76,6.98,6,45.34,1655555533
inhambane,MZ,-23.865,35.3833,54,11.1,0,73.06,1655555533
mackay,AU,-21.15,149.2,63,10.07,0,52.68,1655555490
tuatapere,NZ,-46.1333,167.6833,86,5.14,100,44.96,1655555535
mount isa,AU,-20.7333,139.5,42,6.91,0,62.37,1655555536
acari,PE,-15.4311,-74.6158,62,1.74,55,63.7,1655555537
sorong,ID,-0.8833,131.25,83,4.43,100,79.45,1655555537
moche,PE,-8.1711,-79.0092,94,4.61,40,57.38,1655555539
bandundu,CD,-3.3167,17.3667,30,4.23,100,91.62,1655555540
saint-leu,RE,-21.15,55.2833,81,9.84,64,71.42,1655555543
rurrenabaque,BO,-14.4413,-67.5278,97,3.33,100,67.68,1655555543
diamantino,BR,-14.4086,-56.4461,87,7.76,92,71.35,1655555544
banyumas,ID,-7.5142,109.2942,92,3.27,100,76.69,1655555546
quelimane,MZ,-17.8786,36.8883,67,4.56,61,73.04,1655555547
bukama,CD,-9.2,25.85,18,0.69,11,94.21,1655555548
tsabong,BW,-26.0217,22.401,17,9.17,0,73.51,1655555550
paita,PE,-5.0892,-81.1144,81,14.92,95,62.85,1655555552
yeppoon,AU,-23.1333,150.7333,64,7.9,0,53.38,1655555553
kieta,PG,-6.2167,155.6333,83,0.58,62,78.57,1655555556
kununurra,AU,-15.7667,128.7333,72,0.0,0,60.78,1655555556
biloela,AU,-24.4167,150.5,60,5.75,0,51.26,1655555556
san luis,AR,-33.295,-66.3356,24,5.48,3,51.78,1655555557
sola,VU,-13.8833,167.55,100,0.0,100,74.07,1655555558
san bernardo,CL,-33.6,-70.7167,41,1.68,100,35.31,1655555508
gobabis,NA,-22.45,18.9667,12,13.31,0,77.92,1655555559
rawson,AR,-43.3002,-65.1023,57,18.16,15,42.8,1655555560
kirakira,SB,-10.4544,161.9205,84,8.34,100,78.46,1655555561
nova olinda do norte,BR,-3.8881,-59.0942,60,1.72,99,82.0,1655555561
alice springs,AU,-23.7,133.8833,58,0.0,89,53.15,1655555267
opuwo,NA,-18.0607,13.84,18,6.78,0,82.85,1655555562
copiapo,CL,-27.3667,-70.3333,23,1.57,100,40.69,1655555563
sainte-marie,RE,-20.8968,55.5496,78,3.44,100,74.75,1655555405
grand gaube,MU,-20.0064,57.6608,78,1.01,10,72.37,1655555564
port moresby,PG,-9.4431,147.1797,83,13.8,40,80.02,1655555299
port augusta,AU,-32.5,137.7667,56,6.46,100,53.74,1655555565
barras,BR,-4.2444,-42.2944,59,3.83,11,84.09,1655555565
pauini,BR,-7.7136,-66.9764,93,1.72,74,75.92,1655555566
waingapu,ID,-9.6567,120.2641,78,4.07,11,77.9,1655555567
yulara,AU,-25.2406,130.9889,33,7.74,99,63.72,1655555330
tual,ID,-5.6667,132.75,77,15.86,83,82.13,1655555569
waitati,NZ,-45.75,170.5667,66,5.68,77,45.81,1655555571
batemans bay,AU,-35.7167,150.1833,91,5.66,100,55.09,1655555573
