City,Country,Latitude,Longitude,Humidity,Windspeed,Cloudiness,Temperatures,Date
albany,US,42.6001,-73.9662,79,1.01,63,63.9,1655376317
lebu,CL,-37.6167,-73.65,89,4.63,3,46.27,1655376317
ushuaia,AR,-54.8,-68.3,87,14.97,75,38.86,1655376317
yen bai,VN,21.7,104.8667,82,1.61,100,84.51,1655376244
hamilton,US,39.1834,-84.5333,85,5.75,20,77.58,1655376020
rikitea,PF,-23.1203,-134.9692,68,7.11,77,72.61,1655376318
samarai,PG,-10.6167,150.6667,80,6.98,99,81.01,1655376318
atuona,PF,-9.8,-139.0333,69,18.97,7,77.58,1655376318
butaritari,KI,3.0707,172.7902,75,13.53,26,82.49,1655376319
qaanaaq,GL,77.484,-69.3632,68,3.96,47,29.19,1655376319
kyra,RU,49.5776,111.9753,65,2.35,100,69.94,1655376320
mahebourg,MU,-20.4081,57.7,73,17.27,40,77.29,1655376320
new norfolk,AU,-42.7826,147.0587,91,2.28,8,45.99,1655376320
tharad,IN,24.3961,71.6267,41,14.88,36,97.48,1655376320
huilong,CN,31.8111,121.655,81,9.89,69,74.97,1655376320
hobart,AU,-42.8794,147.3294,93,3.44,20,46.35,1655376221
la ronge,CA,55.1001,-105.2842,94,10.36,75,55.65,1655376204
aykhal,RU,66.0,111.5,39,13.35,49,66.76,1655376321
awbari,LY,26.5921,12.7805,15,11.14,0,93.22,1655376322
filingue,NE,14.3521,3.3168,46,17.83,95,86.29,1655376322
ergani,TR,38.2653,39.7621,23,2.06,3,87.15,1655376322
arraial do cabo,BR,-22.9661,-42.0278,94,4.61,0,57.06,1655376322
yulara,AU,-25.2406,130.9889,34,6.85,85,65.84,1655376323
kaeo,NZ,-35.1,173.7833,94,5.19,0,49.32,1655376323
punta arenas,CL,-53.15,-70.9167,81,14.97,100,42.91,1655376323
yerbogachen,RU,61.2767,108.0108,53,8.97,71,71.24,1655376323
kahului,US,20.8947,-156.47,75,13.8,0,75.45,1655376323
kalianget,ID,-7.05,113.9333,82,11.81,44,81.61,1655376324
bluff,NZ,-46.6,168.3333,59,10.63,58,42.8,1655376324
lagoa,PT,39.05,-27.9833,88,9.6,8,65.07,1655376324
mataura,NZ,-46.1927,168.8643,92,2.35,95,42.48,1655376324
norman wells,CA,65.282,-126.8329,70,6.91,20,44.64,1655376324
belyy yar,RU,53.6039,91.3903,56,4.47,0,75.85,1655376325
lavrentiya,RU,65.5833,-171.0,97,17.2,100,39.49,1655376325
dikson,RU,73.5069,80.5464,96,4.21,32,33.73,1655376325
vaini,TO,-21.2,-175.2,83,6.91,20,73.56,1655376325
bandikui,IN,27.05,76.5667,35,12.44,57,96.55,1655376326
ciudad bolivar,VE,8.1222,-63.5497,89,5.91,100,75.54,1655376326
ribeira grande,PT,38.5167,-28.7,78,14.97,40,72.0,1655376326
pitimbu,BR,-7.4706,-34.8086,73,3.76,66,75.79,1655376326
rundu,NA,-17.9333,19.7667,20,7.83,0,76.12,1655376326
nouadhibou,MR,20.931,-17.0347,57,26.46,5,76.98,1655376327
newport,GB,51.5877,-2.9984,66,2.35,100,71.13,1655376327
labuan,MY,5.2767,115.2417,70,7.0,20,87.1,1655376316
cabo san lucas,MX,22.8909,-109.9124,71,10.45,21,77.88,1655376328
san andres,CO,12.5847,-81.7006,94,2.3,75,77.02,1655376328
saint george,US,37.1041,-113.5841,21,3.44,0,69.89,1655376328
tasiilaq,GL,65.6145,-37.6368,95,5.35,100,39.36,1655376328
vostok,RU,46.4856,135.8833,89,1.68,99,57.92,1655376297
mangai,CD,-4.05,19.5333,38,1.23,19,94.5,1655376329
phan thiet,VN,10.9333,108.1,76,5.19,92,83.32,1655376041
lahat,ID,-3.8,103.5333,96,2.44,100,75.27,1655376056
verkhnyaya inta,RU,65.9811,60.3094,39,5.95,100,69.6,1655376329
east london,ZA,-33.0153,27.9116,44,17.27,0,61.74,1655376330
busselton,AU,-33.65,115.3333,78,13.4,10,64.18,1655376330
innisfail,AU,-17.5333,146.0333,91,3.87,51,69.19,1655376058
kapaa,US,22.0752,-159.319,96,18.41,100,72.57,1655376330
berlevag,NO,70.8578,29.0864,81,10.36,75,40.8,1655376330
nanortalik,GL,60.1432,-45.2371,85,5.21,1,38.7,1655376331
madinat sittah uktubar,EG,29.8167,31.05,24,13.94,0,87.4,1655376331
omboue,GA,-1.5746,9.2618,71,8.57,92,78.39,1655376331
adrar,MR,20.5022,-10.0711,6,17.38,4,103.62,1655376331
cabedelo,BR,-6.9811,-34.8339,69,7.58,18,75.87,1655376332
port alfred,ZA,-33.5906,26.891,51,5.01,68,62.19,1655376332
kirakira,SB,-10.4544,161.9205,86,8.86,75,78.96,1655376332
pathein,MM,16.7833,94.7333,70,7.09,100,85.8,1655376332
sri aman,MY,1.2376,111.4621,89,3.44,20,80.65,1655376332
zhigansk,RU,66.7697,123.3711,46,19.15,1,57.99,1655376333
buta,CD,2.7858,24.73,37,2.57,78,95.04,1655376324
chuy,UY,-33.6971,-53.4616,91,4.61,100,50.32,1655376139
san cristobal,VE,7.7669,-72.225,92,3.58,56,69.98,1655376333
leningradskiy,RU,69.3833,178.4167,91,8.55,100,35.06,1655376334
narsaq,GL,60.9167,-46.05,43,3.24,0,46.62,1655376076
airai,TL,-8.9266,125.4092,94,3.24,95,60.08,1655376208
paramonga,PE,-10.6667,-77.8333,83,10.0,67,60.64,1655376335
constitucion,CL,-35.3333,-72.4167,88,5.01,6,48.07,1655376335
barrow,US,71.2906,-156.7887,86,4.61,0,33.82,1655376335
khatanga,RU,71.9667,102.5,29,12.73,98,74.32,1655376336
dubrovka,RU,53.6907,33.5071,54,13.13,3,66.42,1655376336
deputatskiy,RU,69.3,139.9,52,3.98,100,54.09,1655376336
kushima,JP,31.4583,131.2333,92,2.55,100,72.73,1655376219
katsuura,JP,35.1333,140.3,86,22.79,100,70.99,1655376336
port-cartier,CA,50.0334,-66.8654,67,5.59,24,59.7,1655376338
mount gambier,AU,-37.8333,140.7667,95,2.62,88,49.01,1655376338
itoman,JP,26.1247,127.6694,94,9.22,75,76.84,1655376084
santa cruz de la palma,ES,28.6835,-17.7642,64,9.22,40,75.34,1655376339
ahuimanu,US,21.4447,-157.8378,85,9.22,75,74.25,1655376339
puerto ayora,EC,-0.7393,-90.3518,97,8.01,50,69.55,1655376339
bilma,NE,18.6853,12.9164,18,4.5,38,102.81,1655376339
arroyo,ES,41.6096,-4.7969,32,8.05,0,92.14,1655376339
cherskiy,RU,68.75,161.3,40,9.53,14,50.4,1655376074
gizo,SB,-8.103,156.8419,76,7.78,100,82.44,1655376340
upernavik,GL,72.7868,-56.1549,67,1.92,100,33.22,1655376340
bauchi,NG,10.5,10.0,35,2.15,71,95.31,1655376340
hermanus,ZA,-34.4187,19.2345,48,7.31,82,59.81,1655376312
nikolskoye,RU,59.7035,30.7861,47,14.23,32,62.87,1655376341
torbay,CA,47.6666,-52.7314,65,4.61,20,52.66,1655376341
naica,MX,27.85,-105.4833,45,5.08,36,74.7,1655376341
hilo,US,19.7297,-155.09,74,6.91,40,70.79,1655376341
linares,CL,-35.85,-71.6,92,3.67,65,44.04,1655376342
tautira,PF,-17.7333,-149.15,77,18.77,49,78.98,1655376342
haines junction,CA,60.7522,-137.5108,100,1.14,33,40.95,1655376342
kinkala,CG,-4.3614,14.7644,45,5.61,5,85.96,1655376342
guerrero negro,MX,27.9769,-114.0611,92,8.01,0,60.73,1655376343
morondava,MG,-20.2833,44.2833,61,11.34,0,78.71,1655376343
saskylakh,RU,71.9167,114.0833,27,7.07,36,60.37,1655376343
puerto madryn,AR,-42.7692,-65.0385,65,10.69,1,43.03,1655376343
cape town,ZA,-33.9258,18.4232,47,3.0,0,61.38,1655376265
goure,NE,13.9835,10.2704,24,1.81,40,98.62,1655376344
novyy urengoy,RU,66.0833,76.6333,48,22.41,100,68.67,1655376344
gigmoto,PH,13.7796,124.39,77,5.99,12,82.26,1655376344
tilichiki,RU,60.4667,166.1,93,6.44,93,42.76,1655376075
rodrigues alves,BR,-7.738,-72.6509,95,0.49,11,66.47,1655376345
miraflores,MX,19.2167,-98.8083,79,3.02,100,57.87,1655376345
port augusta,AU,-32.5,137.7667,71,3.36,2,53.94,1655376072
aranos,NA,-24.1333,19.1167,18,12.75,0,66.83,1655376345
saint-philippe,RE,-21.3585,55.7679,79,13.33,61,80.19,1655376346
victor harbor,AU,-35.5667,138.6167,80,2.75,99,53.67,1655376346
bairiki,KI,1.3292,172.9752,74,10.36,20,82.4,1655376347
chokurdakh,RU,70.6333,147.9167,42,11.39,74,62.19,1655376347
carnarvon,AU,-24.8667,113.6333,80,8.37,100,72.05,1655376139
samana,DO,19.2056,-69.3369,86,2.8,94,77.29,1655376347
cidreira,BR,-30.1811,-50.2056,83,5.57,19,57.36,1655376340
sikeston,US,36.8767,-89.5879,83,5.75,0,76.87,1655376348
chifeng,CN,42.2683,118.9636,32,4.85,81,81.45,1655376348
jamestown,US,42.097,-79.2353,93,1.01,34,74.14,1655376348
sitka,US,57.0531,-135.33,76,0.0,0,51.69,1655376349
chapais,CA,49.7834,-74.8492,72,12.62,97,64.18,1655376349
sao lourenco do oeste,BR,-26.3592,-52.8511,90,3.85,0,50.07,1655376349
mar del plata,AR,-38.0023,-57.5575,89,8.05,100,47.03,1655376349
warrnambool,AU,-38.3833,142.4833,85,7.2,18,52.81,1655376290
avarua,CK,-21.2078,-159.775,88,3.44,16,71.65,1655376350
trenggalek,ID,-8.05,111.7167,92,1.72,94,77.13,1655376350
luderitz,NA,-26.6481,15.1594,27,9.98,14,74.05,1655376350
sao filipe,CV,14.8961,-24.4956,83,7.61,68,73.87,1655376351
invermere,CA,50.5167,-116.0354,94,3.24,37,48.42,1655376351
venado tuerto,AR,-33.7456,-61.9688,73,7.18,0,43.77,1655376351
skalat,UA,49.4273,25.9787,45,3.94,35,69.39,1655376351
rocha,UY,-34.4833,-54.3333,91,4.29,100,50.07,1655376352
yellowknife,CA,62.456,-114.3525,76,6.91,100,52.32,1655376352
lorengau,PG,-2.0226,147.2712,73,7.92,28,82.11,1655376352
clyde river,CA,70.4692,-68.5914,100,31.07,100,28.63,1655376352
tari,NG,12.4086,4.4914,63,6.33,100,80.91,1655376353
ponta do sol,PT,32.6667,-17.1,62,7.99,29,73.53,1655376353
vardo,NO,70.3705,31.1107,93,17.27,100,40.98,1655376069
lodja,CD,-3.4833,23.4333,28,3.69,3,97.11,1655376353
khani,GE,41.9563,42.9566,64,5.66,71,65.77,1655376353
te anau,NZ,-45.4167,167.7167,94,2.15,46,40.44,1655376354
bibiani,GH,6.4635,-2.3194,98,2.64,100,72.28,1655376354
rassvet,RU,46.8333,40.75,55,11.18,72,77.59,1655376354
itarema,BR,-2.9248,-39.9167,78,11.27,52,77.52,1655376354
plymouth,US,41.8334,-70.8328,86,0.0,0,58.01,1655376354
chipiona,ES,36.7366,-6.437,78,8.05,0,75.42,1655376355
voyvozh,RU,62.892,54.9635,61,7.45,91,70.86,1655376355
esperance,AU,-33.8667,121.9,59,8.93,0,61.65,1655376070
krasnoselkup,RU,65.7,82.4667,56,4.38,99,72.43,1655376355
sabang,ID,5.8933,95.3214,72,4.99,100,82.44,1655376356
gelibolu,TR,40.4103,26.6708,46,18.75,37,76.86,1655376356
faya,SA,18.3851,42.4509,15,9.37,97,86.52,1655376356
beyneu,KZ,45.3167,55.2,14,6.06,18,93.09,1655376356
cascais,PT,38.6979,-9.4215,69,21.0,40,70.2,1655376356
tekirdag,TR,40.978,27.5085,46,15.95,66,78.15,1655376357
castro,BR,-24.7911,-50.0119,81,1.79,0,52.61,1655376357
pangkalanbuun,ID,-2.6833,111.6167,95,0.78,93,76.19,1655376357
mahanoro,MG,-19.9,48.8,68,11.7,1,78.58,1655376357
bambanglipuro,ID,-7.95,110.2833,83,3.2,85,79.86,1655376336
avera,US,33.194,-82.5271,87,4.92,49,73.47,1655376358
grand gaube,MU,-20.0064,57.6608,57,8.99,53,78.39,1655376358
hithadhoo,MV,-0.6,73.0833,69,9.95,100,83.28,1655376358
san patricio,US,28.017,-97.5169,96,6.62,76,79.05,1655376142
dohar,BD,23.5883,90.1469,76,17.25,100,89.58,1655376359
mompos,CO,9.2419,-74.4267,97,2.91,100,73.49,1655376359
oranjemund,NA,-28.55,16.4333,26,13.96,5,71.47,1655376270
vaitape,PF,-16.5167,-151.75,75,15.23,10,80.22,1655376359
bambous virieux,MU,-20.3428,57.7575,73,17.27,40,77.25,1655376359
iqaluit,CA,63.7506,-68.5145,93,12.66,100,34.7,1655376360
havre-saint-pierre,CA,50.2334,-63.5986,82,10.36,0,53.96,1655376360
marsh harbour,BS,26.5412,-77.0636,76,0.76,44,79.41,1655376361
smithers,CA,54.7804,-127.1743,82,0.0,100,52.12,1655376361
riohacha,CO,11.5444,-72.9072,91,6.8,98,76.87,1655376361
geraldton,AU,-28.7667,114.6,88,4.61,75,63.01,1655376361
esmeraldas,BR,-19.7625,-44.3139,69,2.8,1,54.1,1655376208
lompoc,US,34.6391,-120.4579,90,4.61,0,49.6,1655376362
ulety,RU,51.3572,112.4849,40,3.87,89,75.87,1655376362
bredasdorp,ZA,-34.5322,20.0403,45,8.75,74,58.57,1655376362
turbat,PK,26.0023,63.044,29,16.22,36,105.15,1655376363
victoria,HK,22.2855,114.1577,80,10.0,44,84.83,1655376321
suez,EG,29.9737,32.5263,28,16.75,0,93.78,1655376342
calama,CL,-22.4667,-68.9333,32,12.66,0,32.49,1655376363
pacific grove,US,36.6177,-121.9166,85,7.0,0,51.19,1655376363
pangai,TO,-19.8,-174.35,75,18.57,40,77.7,1655376364
kudat,MY,6.8837,116.8477,70,10.36,20,85.93,1655376364
balkhash,KZ,46.844,74.9804,18,17.9,0,84.81,1655376141
rawson,AR,-43.3002,-65.1023,73,10.33,0,42.31,1655376364
grindavik,IS,63.8424,-22.4338,71,20.71,75,50.47,1655376206
kloulklubed,PW,7.0419,134.2556,76,9.28,98,79.3,1655376365
magadan,RU,59.5667,150.8,92,4.32,100,45.54,1655376365
waw,SS,7.7029,27.9953,31,5.19,52,95.83,1655376365
halifax,CA,44.6453,-63.5724,87,4.61,20,54.77,1655376340
thompson,CA,55.7435,-97.8558,82,11.5,75,55.56,1655376366
moses lake,US,47.1301,-119.2781,82,10.36,100,57.58,1655376366
ambilobe,MG,-13.2,49.05,42,7.38,1,88.39,1655376366
banda aceh,ID,5.5577,95.3222,75,2.06,99,82.65,1655376366
naze,JP,28.3667,129.4833,89,7.78,100,74.32,1655376326
ahipara,NZ,-35.1667,173.1667,89,5.68,26,54.81,1655376367
kamenskiy,RU,50.8855,45.488,64,5.44,97,71.22,1655376367
mahon,ES,39.8885,4.2658,40,6.91,0,88.36,1655376367
los llanos de aridane,ES,28.6585,-17.9182,87,9.22,40,67.12,1655376205
tymovskoye,RU,50.8456,142.655,87,3.83,28,53.55,1655376368
sioux lookout,CA,50.1001,-91.917,94,6.91,100,55.47,1655376071
calvinia,ZA,-31.4707,19.776,29,15.01,85,52.97,1655376368
ukiah,US,39.1502,-123.2078,76,3.44,0,50.76,1655376368
kathu,TH,7.9178,98.3332,73,8.75,87,85.82,1655376316
langenburg,DE,49.2544,9.8458,46,10.36,0,78.66,1655376369
boende,CD,-0.2167,20.8667,38,1.16,64,95.92,1655376370
hereford,GB,52.0568,-2.7148,63,3.4,97,70.54,1655376268
aklavik,CA,68.2191,-135.0107,59,3.76,1,47.16,1655376370
bethel,US,41.3712,-73.414,88,1.01,75,63.16,1655376370
videira,BR,-27.0083,-51.1517,93,2.51,2,50.23,1655376371
dalvik,IS,65.9702,-18.5286,52,3.87,55,57.13,1655376371
jackson,US,42.4165,-122.8345,68,1.01,100,53.47,1655376371
bridlington,GB,54.0831,-0.1919,73,2.42,79,68.72,1655376371
nigde,TR,37.8333,34.75,35,5.75,0,72.46,1655376371
lohja,FI,60.2486,24.0653,43,11.99,50,67.17,1655376372
saint-leu,RE,-21.15,55.2833,75,0.36,26,76.73,1655376372
karratha,AU,-20.7377,116.8463,53,8.19,40,76.39,1655376205
zaltan,LY,32.947,11.8665,35,13.06,0,86.2,1655376372
puerto baquerizo moreno,EC,-0.9,-89.6,83,13.62,69,70.83,1655376373
saldanha,ZA,-33.0117,17.9442,47,12.26,69,64.45,1655376373
mendi,PG,-6.1761,143.6513,98,1.61,83,55.78,1655376373
boulder city,US,35.9786,-114.8325,17,0.0,0,75.16,1655376374
port hawkesbury,CA,45.6169,-61.3485,91,1.01,0,55.15,1655376374
talnakh,RU,69.4865,88.3972,46,1.92,100,72.88,1655376374
el campo,US,29.1966,-96.2697,96,4.63,55,78.08,1655376374
rabo de peixe,PT,37.8,-25.5833,92,11.5,40,68.27,1655376141
diego de almagro,CL,-26.3667,-70.05,93,2.55,10,39.61,1655376375
krasnorechenskiy,RU,44.6265,135.3532,87,2.17,100,55.4,1655376375
candolim,IN,15.5181,73.7626,79,10.36,75,84.2,1655376375
santa engracia,ES,41.9406,-1.3245,22,0.65,96,93.11,1655376375
ayios nikolaos,GR,38.4167,23.65,31,11.5,20,85.03,1655376376
buala,SB,-8.145,159.5921,81,7.67,100,79.56,1655376376
sola,VU,-13.8833,167.55,79,18.28,89,80.67,1655376376
ucluelet,CA,48.9329,-125.5528,90,2.53,100,53.1,1655376376
faanui,PF,-16.4833,-151.75,74,15.17,10,80.24,1655376377
kodiak,US,57.79,-152.4072,87,4.61,0,42.31,1655376377
georgetown,MY,5.4112,100.3354,73,11.5,20,87.37,1655376307
sungaipenuh,ID,-2.0833,101.3833,97,2.08,100,67.06,1655376377
neryungri,RU,56.6709,124.6491,61,4.18,80,61.41,1655376082
launceston,AU,-41.45,147.1667,81,8.05,100,49.46,1655376332
dingle,PH,10.9995,122.6711,76,3.85,100,81.27,1655376378
alamosa,US,37.4695,-105.87,45,5.75,0,40.98,1655376378
atar,MR,20.5169,-13.0499,20,17.98,11,98.67,1655376378
antofagasta,CL,-23.65,-70.4,84,5.01,82,56.48,1655376378
biertan,RO,46.1333,24.5167,38,3.89,75,72.23,1655376379
sao paulo de olivenca,BR,-3.3783,-68.8725,100,0.74,42,68.9,1655376379
lata,PT,40.1629,-8.3327,47,4.81,100,82.49,1655376274
bengkulu,ID,-3.8004,102.2655,80,2.93,99,80.02,1655376379
lexington,US,37.9887,-84.4777,81,4.61,0,77.32,1655376380
bathsheba,BB,13.2167,-59.5167,74,19.57,20,81.21,1655376380
tiksi,RU,71.6872,128.8694,74,8.43,32,34.59,1655376381
opuwo,NA,-18.0607,13.84,19,13.73,0,77.2,1655376381
sao gabriel da cachoeira,BR,-0.1303,-67.0892,98,1.19,49,68.7,1655376381
okhotsk,RU,59.3833,143.3,94,7.31,68,43.9,1655376381
acapulco,MX,16.8634,-99.8901,86,9.48,100,77.02,1655376381
cayenne,GF,4.9333,-52.3333,1,2.3,100,77.09,1655376382
kilindoni,TZ,-7.9139,39.6668,75,9.42,14,79.45,1655376382
klaksvik,FO,62.2266,-6.589,85,3.44,100,54.52,1655376382
edgewater,US,28.9889,-80.9023,83,2.46,9,75.56,1655376382
daru,PG,-9.0763,143.2092,89,14.0,71,79.11,1655376383
shirokiy,RU,49.758,129.523,97,5.41,100,61.34,1655376383
ancud,CL,-41.8697,-73.8203,76,7.4,81,45.23,1655376383
port macquarie,AU,-31.4333,152.9167,77,5.73,20,53.89,1655376384
khandbari,NP,27.3747,87.2039,82,0.63,84,76.3,1655376384
petropavlovsk-kamchatskiy,RU,53.0452,158.6483,100,4.47,100,45.19,1655376385
waipawa,NZ,-41.4122,175.5153,66,15.32,55,53.51,1655376385
kirovo-chepetsk,RU,58.5539,50.0399,54,6.76,98,71.38,1655376385
pevek,RU,69.7008,170.3133,85,7.45,8,30.07,1655376386
zholymbet,KZ,51.7433,71.7122,66,15.57,79,62.58,1655376386
zharkent,KZ,44.1628,80.0,24,10.71,97,86.32,1655376387
tianmen,CN,30.6516,113.1603,66,13.11,100,83.89,1655376387
den helder,NL,52.9599,4.7593,63,11.99,6,67.75,1655376387
omsukchan,RU,62.5333,155.8,80,6.42,83,46.02,1655376387
kaitangata,NZ,-46.2817,169.8464,80,8.61,93,41.0,1655376388
akhtanizovskaya,RU,45.32,37.1,45,12.19,0,79.27,1655376388
medzilaborce,SK,49.2719,21.9007,36,6.67,30,74.89,1655376389
brooks,CA,50.5834,-111.8851,84,11.5,18,49.53,1655376389
saint-augustin,CA,51.226,-58.6502,59,3.96,27,59.7,1655376389
yafran,LY,32.0633,12.5286,17,10.29,0,86.14,1655376389
adilabad,IN,19.6667,78.5333,52,5.19,100,90.88,1655376390
sakakah,SA,29.9697,40.2064,10,12.39,0,105.37,1655376390
south valley,US,35.0101,-106.6781,18,3.58,0,67.51,1655376390
labuhan,ID,-6.8844,112.2051,82,9.01,89,81.27,1655376390
marawi,PH,7.9986,124.2928,95,1.39,98,70.39,1655376391
belmonte,BR,-15.8631,-38.8828,76,7.9,89,72.39,1655376392
provideniya,RU,64.3833,-173.3,98,13.69,100,40.33,1655376392
saint-francois,FR,46.4154,3.9054,42,5.75,0,83.64,1655376392
college,US,64.8569,-147.8028,72,0.0,75,55.45,1655376392
aguimes,ES,27.9054,-15.4461,57,28.01,20,74.03,1655376392
port blair,IN,11.6667,92.75,70,8.05,40,86.04,1655376393
usinsk,RU,65.9939,57.5281,31,4.59,98,71.65,1655376394
ordu,TR,40.9086,37.6845,71,6.46,71,61.3,1655376394
severo-kurilsk,RU,50.6789,156.125,93,7.72,100,46.2,1655376274
port moresby,PG,-9.4431,147.1797,83,3.44,40,80.02,1655376185
zonguldak,TR,41.25,31.8333,45,10.96,12,70.65,1655376394
vila velha,BR,-20.3297,-40.2925,89,4.61,40,63.95,1655376274
shubarkuduk,KZ,49.1447,56.4872,18,5.01,11,88.9,1655376395
steinbach,DE,50.1667,8.5667,35,8.05,0,80.6,1655376396
wajir,KE,1.7471,40.0573,31,14.85,78,93.0,1655376396
hasaki,JP,35.7333,140.8333,84,15.03,100,68.4,1655376333
santa maria,BR,-29.6842,-53.8069,100,0.0,75,43.9,1655376396
evinayong,GQ,1.4368,10.5512,69,2.75,95,79.0,1655376397
alyangula,AU,-13.8483,136.4192,75,10.76,77,72.54,1655376397
itaocara,BR,-21.6692,-42.0761,80,2.21,2,60.4,1655376397
andenes,NO,69.3143,16.1194,76,5.75,75,49.98,1655376397
vila franca do campo,PT,37.7167,-25.4333,68,4.81,19,69.19,1655376398
richards bay,ZA,-28.783,32.0377,46,12.8,1,63.27,1655376311
baykit,RU,61.67,96.37,50,4.88,74,77.43,1655376398
swift current,CA,50.2834,-107.8014,93,18.41,100,52.61,1655376398
necochea,AR,-38.5473,-58.7368,94,7.52,22,46.0,1655376398
nantucket,US,41.2835,-70.0995,85,0.0,0,56.62,1655376399
spas-demensk,RU,54.4122,34.0226,44,11.74,2,66.92,1655376399
bodmin,GB,50.4715,-4.7243,49,4.61,0,70.5,1655376399
campbell river,CA,50.0163,-125.2446,97,4.54,100,52.11,1655376399
kutum,SD,14.2,24.6667,16,17.4,1,91.44,1655376399
hounde,BF,11.5,-3.5167,53,8.77,90,87.17,1655376400
georgiyevka,KZ,43.0369,74.7114,18,8.95,40,91.44,1655376400
ende,ID,-8.8432,121.6623,87,4.38,39,77.41,1655376400
taphan hin,TH,16.2209,100.4198,80,7.31,100,84.96,1655376400
pringsewu,ID,-5.3582,104.9744,93,1.63,100,75.63,1655376401
kavieng,PG,-2.5744,150.7967,77,10.11,69,81.48,1655376401
chernyshevskiy,RU,63.0128,112.4714,67,12.17,77,63.03,1655376401
viedma,AR,-40.8135,-62.9967,90,9.17,2,42.33,1655376273
punta alta,AR,-38.8759,-62.0736,87,6.91,100,45.37,1655376402
kendari,ID,-3.945,122.4989,87,1.83,59,76.53,1655376402
gamba,GA,-2.65,10.0,72,10.22,100,77.47,1655376402
ilulissat,GL,69.2167,-51.1,49,5.75,20,44.62,1655376402
stromness,GB,58.965,-3.296,84,5.99,80,57.87,1655376403
kiunga,PG,-6.1219,141.2906,90,1.45,83,75.36,1655376403
taywarah,AF,33.35,64.4167,9,12.55,0,79.68,1655376403
tefe,BR,-3.3542,-64.7114,99,1.7,59,70.65,1655376403
sibolga,ID,1.7427,98.7792,77,0.87,92,81.23,1655376404
port elizabeth,ZA,-33.918,25.5701,51,6.91,0,60.69,1655376404
kroya,ID,-7.6331,109.2461,84,1.1,100,79.11,1655376404
bystrice nad pernstejnem,CZ,49.5229,16.2615,39,10.4,72,78.28,1655376404
kruisfontein,ZA,-34.0033,24.7314,38,8.28,81,60.89,1655376404
ostrovnoy,RU,68.0531,39.5131,95,21.65,100,41.99,1655376405
lodingen,NO,68.414,15.9951,70,4.43,39,51.94,1655376405
sanmenxia,CN,34.7747,111.1814,22,2.46,3,96.93,1655376405
moree,AU,-29.4667,149.85,58,5.75,0,53.53,1655376405
san quintin,MX,30.4833,-115.95,88,3.24,0,59.31,1655376406
hanzhong,CN,33.0728,107.0303,45,5.5,99,85.8,1655376406
lumberton,US,34.6182,-79.0086,88,0.0,0,71.56,1655376406
ballina,AU,-28.8667,153.5667,93,2.66,0,55.02,1655376406
clearwater,US,27.9659,-82.8001,83,5.01,0,78.33,1655376133
saryagash,KZ,41.4511,69.1701,14,8.97,1,96.76,1655376407
manbij,SY,36.5281,37.9549,18,6.42,0,94.39,1655376407
muros,ES,42.7762,-9.0603,72,6.44,100,72.84,1655376407
leshukonskoye,RU,64.8989,45.7622,52,7.09,99,66.16,1655376407
lagdo,CM,9.05,13.7333,37,5.3,59,96.58,1655376408
guanare,VE,9.0418,-69.7421,100,1.14,55,73.42,1655376408
kayasula,RU,44.325,45.0,38,9.42,46,85.46,1655376408
korla,CN,41.7597,86.1469,7,11.32,100,101.46,1655376268
kattivakkam,IN,13.2167,80.3167,76,16.02,70,91.08,1655376409
alofi,NU,-19.0595,-169.9187,88,5.75,33,75.09,1655376404
touros,BR,-5.1989,-35.4608,62,10.8,4,80.24,1655376409
les cayes,HT,18.2,-73.75,70,4.52,94,78.4,1655376409
hohhot,CN,40.8106,111.6522,14,13.42,0,93.49,1655376157
sorland,NO,67.667,12.6934,77,1.54,7,48.06,1655376409
port said,EG,31.2565,32.2841,69,8.05,40,80.58,1655376410
aden,YE,12.7794,45.0367,66,10.47,21,89.76,1655376410
hammerfest,NO,70.6634,23.6821,93,10.36,75,41.45,1655376207
bani walid,LY,31.7566,13.9942,25,9.15,0,87.94,1655376410
tucupita,VE,9.0622,-62.051,97,2.84,89,73.8,1655376411
swan hill,AU,-35.3378,143.5544,84,6.2,84,53.17,1655376411
neyshabur,IR,36.2133,58.7958,16,2.64,26,94.03,1655376411
poli,TZ,-3.3333,36.8,33,8.43,4,71.87,1655376411
pita,GN,10.8333,-12.5833,79,2.75,93,79.56,1655376411
biak,ID,-0.9131,122.8766,84,4.88,70,77.56,1655376412
mabaruma,GY,8.2,-59.7833,94,1.52,83,74.7,1655376412
soe,ID,-9.8607,124.284,90,5.41,93,65.71,1655376412
deep river,CA,46.1001,-77.4995,99,6.29,100,64.94,1655376412
shingu,JP,33.7333,135.9833,93,5.68,100,70.92,1655376333
paamiut,GL,61.994,-49.6678,75,6.13,35,37.49,1655376140
kuna,US,43.4918,-116.4201,47,14.97,0,57.49,1655376413
vao,NC,-22.6667,167.4833,83,23.51,98,74.68,1655376341
taltal,CL,-25.4,-70.4833,82,1.95,39,52.02,1655376272
coahuayana,MX,18.7333,-103.6833,97,0.67,100,75.52,1655376413
mahibadhoo,MV,3.7833,72.9667,74,13.47,88,82.99,1655376414
kieta,PG,-6.2167,155.6333,87,5.35,77,78.42,1655376414
knysna,ZA,-34.0363,23.0471,36,4.32,65,61.43,1655376414
kilimatinde,TZ,-5.85,34.95,31,8.21,5,85.68,1655376414
nome,US,64.5011,-165.4064,81,4.61,100,42.87,1655376415
verkhoyansk,RU,67.5447,133.385,52,14.74,94,58.93,1655376415
sambava,MG,-14.2667,50.1667,64,10.36,9,78.75,1655376415
kuito,AO,-12.3833,16.9333,65,8.05,0,77.14,1655376416
varadero,CU,23.1536,-81.2514,84,9.66,84,72.36,1655376416
valparaiso,CL,-33.0393,-71.6273,80,3.44,40,51.48,1655376416
bonfim,BR,3.0833,-59.95,86,1.36,49,75.27,1655376416
itupiranga,BR,-5.1347,-49.3267,76,3.0,73,70.12,1655376417
belaya gora,RU,68.5333,146.4167,39,12.91,18,65.93,1655376417
oum hadjer,TD,13.2954,19.6966,27,6.71,11,97.5,1655376418
ternate,ID,0.8,127.4,74,3.2,74,82.38,1655376173
berdigestyakh,RU,62.0989,126.6992,64,4.72,79,63.09,1655376139
bairnsdale,AU,-37.8333,147.6167,82,11.16,85,53.96,1655376418
sept-iles,CA,50.2001,-66.3821,83,1.14,40,58.66,1655376419
namibe,AO,-15.1961,12.1522,83,0.0,0,68.63,1655376419
bonthe,SL,7.5264,-12.505,74,11.39,97,82.42,1655376419
tuktoyaktuk,CA,69.4541,-133.0374,74,12.82,0,36.36,1655376419
hofn,IS,64.2539,-15.2082,81,8.05,100,50.02,1655376419
penzance,GB,50.1186,-5.5371,64,9.22,0,69.12,1655376420
timizart,DZ,36.8,4.2667,24,11.01,18,95.68,1655376420
port hedland,AU,-20.3167,118.5667,57,10.36,49,75.25,1655376339
vila,PT,42.0304,-8.1588,53,3.83,100,63.48,1655376420
balugaon,IN,20.1667,85.1,56,10.89,87,91.51,1655376420
oruro,BO,-17.9833,-67.15,66,1.59,0,29.89,1655376421
razole,IN,16.4833,81.8333,56,9.4,91,90.75,1655376421
sao raimundo das mangabeiras,BR,-7.0219,-45.4811,64,10.2,70,76.73,1655376421
komsomolskiy,UZ,40.4272,71.7189,17,6.91,6,93.92,1655376421
bilibino,RU,68.0546,166.4372,44,6.29,0,47.61,1655376206
hambantota,LK,6.1241,81.1185,100,12.66,75,75.54,1655376422
gaoua,BF,10.2992,-3.2508,77,7.58,100,77.68,1655376422
lipari,IT,38.4674,14.954,64,5.08,58,81.55,1655376422
monforte de lemos,ES,42.5216,-7.5142,32,2.86,52,87.57,1655376422
harnai,PK,30.1005,67.9374,22,11.92,14,101.75,1655376423
tabou,CI,4.423,-7.3528,88,14.09,100,75.94,1655376141
ugoofaaru,MV,5.6667,73.0,76,16.2,94,82.45,1655376424
calbuco,CL,-41.768,-73.1273,83,7.61,99,42.01,1655376424
ekhabi,RU,53.5102,142.9671,93,5.26,100,43.11,1655376424
paratinga,BR,-12.6906,-43.1842,52,3.31,3,71.49,1655376424
zhezkazgan,KZ,47.8043,67.7144,16,8.95,20,85.98,1655376425
olga,RU,43.7444,135.2892,94,3.29,96,53.65,1655376425
san jeronimo,PE,-11.9472,-75.2829,81,1.23,13,36.72,1655376425
rancharia,BR,-22.2292,-50.8931,68,4.94,0,60.12,1655376425
pisco,PE,-13.7,-76.2167,87,2.3,0,51.85,1655376426
pangody,RU,65.85,74.4859,43,24.7,99,67.51,1655376426
mitsamiouli,KM,-11.3847,43.2844,73,3.62,1,79.74,1655376426
athabasca,CA,54.7169,-113.2854,80,6.26,87,48.61,1655376426
mutoko,ZW,-17.397,32.2268,22,4.36,0,77.76,1655376426
martil,MA,35.6166,-5.2752,69,6.91,75,76.96,1655376427
boa vista,BR,2.8197,-60.6733,88,2.3,75,76.98,1655376427
umm lajj,SA,25.0213,37.2685,62,12.71,0,87.04,1655376305
apollonia,GR,36.9716,24.7231,75,19.13,0,74.79,1655376427
kununurra,AU,-15.7667,128.7333,42,3.44,24,67.98,1655376206
port shepstone,ZA,-30.7414,30.455,45,17.05,22,63.55,1655376428
huarmey,PE,-10.0681,-78.1522,83,9.37,25,60.85,1655376428
zemio,CF,5.0314,25.1361,38,3.15,81,93.36,1655376429
louisville,US,38.2542,-85.7594,77,9.22,0,80.38,1655376429
pasni,PK,25.2631,63.471,81,15.48,32,84.11,1655376429
tanout,NE,14.9709,8.8879,28,2.55,98,94.48,1655376429
tuatapere,NZ,-46.1333,167.6833,81,4.41,100,43.65,1655376429
caravelas,BR,-17.7125,-39.2481,71,2.89,87,71.17,1655376430
de-kastri,RU,51.4667,140.7833,98,5.21,59,47.44,1655376430
wladyslawowo,PL,54.7909,18.4009,72,11.9,100,62.94,1655376430
victoria point,AU,-27.5833,153.3,88,7.74,0,57.2,1655376430
poum,NC,-20.2333,164.0167,83,20.31,6,78.03,1655376431
shitanjing,CN,39.2342,106.3439,8,10.25,65,91.6,1655376431
byron bay,AU,-28.65,153.6167,72,3.8,0,54.95,1655376180
acarau,BR,-2.8856,-40.12,78,9.53,55,77.0,1655376406
san pedro,PH,14.35,121.0167,70,8.05,75,86.47,1655376431
mareeba,AU,-17.0,145.4333,99,3.62,39,67.48,1655376432
cedar city,US,37.6775,-113.0619,28,3.44,0,52.77,1655376432
hovd,MN,48.0056,91.6419,23,8.57,100,78.62,1655376432
varzea da palma,BR,-17.5981,-44.7308,61,1.1,2,64.9,1655376432
payson,US,40.0444,-111.7321,47,1.01,0,53.15,1655376432
asau,RO,46.4333,26.4,43,4.85,24,72.52,1655376433
metro,ID,-5.1131,105.3067,89,5.59,100,76.96,1655376433
ponta delgada,PT,37.7333,-25.6667,72,11.5,40,66.92,1655376433
sisimiut,GL,66.9395,-53.6735,66,4.99,100,38.25,1655376434
mecca,SA,21.4267,39.8261,7,24.9,1,111.67,1655376317
merrill,US,45.1805,-89.6835,94,8.05,0,58.08,1655376434
itacoatiara,BR,-3.1431,-58.4442,96,1.41,20,72.75,1655376435
teeli,RU,51.0333,90.2333,30,5.37,82,77.54,1655376435
bundaberg,AU,-24.85,152.35,98,2.55,12,60.22,1655376435
rodez,FR,44.5,2.5833,44,6.91,0,83.88,1655376435
dehloran,IR,32.6941,47.2679,3,10.04,0,110.03,1655376436
redmond,US,47.674,-122.1215,88,0.87,90,52.14,1655376436
marzuq,YE,14.4,46.4667,20,12.03,2,94.75,1655376437
mazagao,BR,-0.115,-51.2894,89,1.03,100,75.25,1655376437
merauke,ID,-8.4667,140.3333,85,15.66,97,79.57,1655376437
xichang,CN,27.8964,102.2634,85,0.34,99,68.36,1655376437
rabat,MA,33.9911,-6.8401,88,6.91,75,71.67,1655376407
presidencia roque saenz pena,AR,-26.7852,-60.4388,75,5.66,100,61.84,1655376439
flin flon,CA,54.7682,-101.865,88,5.59,64,52.41,1655376337
lucera,IT,41.5082,15.3351,24,4.61,0,89.29,1655376439
gimli,CA,50.6336,-96.9907,94,8.05,100,55.42,1655376439
dandong,CN,40.1292,124.3947,78,6.08,5,63.73,1655376440
port lincoln,AU,-34.7333,135.8667,60,4.41,97,58.59,1655376440
broken hill,AU,-31.95,141.4333,58,6.82,99,57.15,1655376440
henties bay,NA,-22.116,14.2845,52,9.08,0,67.5,1655376440
ambon,ID,-3.6954,128.1814,13,2.3,75,82.24,1655376441
nishihara,JP,26.1842,127.7558,94,11.5,75,75.72,1655376441
martapura,ID,-3.4167,114.85,89,3.44,20,78.89,1655376441
dong hoi,VN,17.4833,106.6,78,7.16,70,85.87,1655376352
praya,CV,14.9215,-23.5087,78,13.8,75,75.74,1655376182
sokoto,NG,13.0609,5.239,53,11.16,100,83.5,1655376365
luanda,AO,-8.8368,13.2343,61,3.44,20,78.8,1655376442
fairbanks,US,64.8378,-147.7164,73,1.01,40,54.82,1655376442
coquimbo,CL,-29.9533,-71.3436,100,3.44,20,51.53,1655376442
longyearbyen,SJ,78.2186,15.6401,75,9.22,75,39.04,1655376205
cacu,BR,-18.5567,-51.1308,75,2.95,0,68.25,1655376443
bosanska gradiska,BA,45.1411,17.25,41,5.5,25,82.65,1655376443
ust-omchug,RU,61.15,149.6333,87,2.42,100,48.42,1655376443
kamenka,RU,51.3223,42.7678,84,3.31,100,62.19,1655376443
arlit,NE,18.7369,7.3853,20,8.79,100,99.9,1655376443
san javier,ES,37.8063,-0.8374,41,8.05,0,88.38,1655376444
sonoita,MX,31.85,-112.8333,29,4.45,0,78.75,1655376444
sumbe,AO,-11.2061,13.8437,59,7.23,28,78.21,1655376444
bafq,IR,31.6128,55.4107,5,7.31,0,105.53,1655376444
uray,RU,60.1247,64.7758,31,8.88,21,77.23,1655376444
san ramon,US,37.7799,-121.978,82,10.36,0,53.02,1655376445
sangar,RU,63.9242,127.4739,68,10.78,17,58.46,1655376445
cap malheureux,MU,-19.9842,57.6142,57,8.99,46,78.48,1655376445
harbour breton,CA,47.4833,-55.7983,81,5.7,0,51.49,1655376445
dudinka,RU,69.4058,86.1778,48,8.57,100,73.4,1655376340
maridi,SS,4.9158,29.4742,36,5.73,17,91.76,1655376446
sovetskiy,RU,61.3614,63.5842,27,7.0,31,78.22,1655376446
naberera,TZ,-4.2,36.9333,32,12.84,5,79.11,1655376446
loandjili,CG,-4.7561,11.8578,78,9.22,100,77.11,1655376447
aksarka,RU,66.5606,67.7975,34,9.51,1,70.84,1655376447
kodinsk,RU,58.6881,99.1844,55,6.38,93,74.97,1655376447
pavlodar,KZ,52.3,76.95,33,6.71,75,75.0,1655376447
shimoda,JP,34.6667,138.95,93,15.52,100,71.1,1655376447
fredensborg,DK,55.9756,12.4031,65,5.99,100,66.02,1655376448
tarpon springs,US,28.1461,-82.7568,82,0.0,0,77.92,1655376448
isangel,VU,-19.55,169.2667,86,15.35,100,77.11,1655376448
popondetta,PG,-8.7537,148.2534,98,3.06,97,72.48,1655376448
concepcion del oro,MX,24.6333,-101.4167,69,6.71,30,55.4,1655376449
llandrindod wells,GB,52.2416,-3.3787,57,3.47,100,69.51,1655376449
laguna,US,38.421,-121.4238,60,6.91,0,60.17,1655376449
douentza,ML,14.9951,-2.9517,31,15.59,48,98.11,1655376449
selje,NO,62.0459,5.351,92,10.36,100,52.97,1655376450
mnogovershinnyy,RU,53.9353,139.9242,97,2.48,100,43.57,1655376339
salalah,OM,17.0151,54.0924,79,18.41,75,87.89,1655376451
wenling,CN,28.3669,121.36,96,6.67,100,72.57,1655376451
lashio,MM,22.9333,97.75,96,2.06,100,73.0,1655376451
waingapu,ID,-9.6567,120.2641,77,10.87,99,78.55,1655376452
antsohihy,MG,-14.8796,47.9875,35,2.51,0,92.84,1655376452
anahuac,MX,27.2333,-100.15,74,18.68,11,76.35,1655376452
muzhi,RU,65.3667,64.6667,36,7.94,3,73.51,1655376452
saraland,US,30.8207,-88.0706,79,2.19,30,76.95,1655376453
seymchan,RU,62.8833,152.4333,59,7.9,81,58.6,1655376453
camacha,PT,33.0833,-16.3333,68,11.5,20,67.42,1655376453
maxixe,MZ,-23.8597,35.3472,57,11.5,40,75.02,1655376453
